GAME_STATE
0
1
1
0
0
0
0
0
PLAYER_HEROES
Dracula
Sherlock
FIGHTERS
SHERLOCK
16
1
1
19 3 1 0
25
23 3 1 0
23 3 1 0
22 3 1 0
22 3 1 0
22 3 1 0
21 3 1 0
21 3 1 0
21 3 1 0
20 5 3 0
20 5 3 0
19 3 1 0
18 0 2 0
18 0 2 0
17 3 2 0
17 3 2 0
16 3 3 0
16 3 3 0
15 0 2 0
14 0 2 0
13 5 2 0
13 5 2 0
24 0 1 0
24 0 1 0
24 0 1 0
3 2 1 0
WATSON
8
20
0
0
DRACULA
8
9
0
24
0 6 4 0
1 0 2 0
1 0 2 0
2 0 2 0
2 0 2 0
4 0 4 0
4 0 4 0
5 2 3 0
5 2 3 0
6 1 2 0
6 1 2 0
6 1 2 0
7 2 3 0
8 2 2 0
8 2 2 0
8 2 2 0
9 3 1 0
9 3 1 0
9 3 1 0
10 4 1 0
10 4 1 0
10 4 1 0
11 3 3 0
11 3 3 0
INVISIBLE
0
-1
0
28
27 3 2 0
27 3 2 0
26 3 2 0
26 3 2 0
25 2 1 0
25 2 1 0
25 2 1 0
28 3 1 0
28 3 1 0
29 3 2 0
29 3 2 0
30 2 2 0
30 2 2 0
31 4 1 0
31 4 1 0
32 2 2 0
32 2 2 0
33 0 1 0
33 0 1 0
34 0 1 0
34 0 1 0
35 3 2 0
35 3 2 0
35 3 2 0
36 0 1 0
36 0 1 0
37 0 3 0
37 0 3 0
SISTERS
3
0
-1
0
0
1
6
0
0
1
32
0
0
FOG
3
-1
-1
-1
